100
42
11
1
2018
43208
75911
95189
19668
90030
60206
46147
4619
45818
10852
9
30555
29243
75412
5381
1852
33647
49717
60728
33285
100000
36341
53632
86190
17794
40886
77157
38121
31067
32237
79768
88392
6
58093
8126
88834
85817
21573
60935
32660
64013
22833
2
68866
7025
82313
39423
5
99826
15237
7
88764
3
46959
16915
4
99999
10028
75975
31165
69589
21773
56734
83553
47610
48344
25390
39892
49922
42196
69470
95
43574
15700
48355
92681
8
16701
41064
63676
63313
90944
45999
59292
46803
83401
52256
80923
5976
99223
62112
10
95064
60644
51034
57652
